1
2
3
4
5 [165,224,189,173,196,154,195,116,166,168,206,192]
6 [195,205,214,184,176,173,203,147,152,217,172,231,163,206,127,192,172,201,171,157,183,192,130,197,219,172,151,209,175,154,158,155]
7 [136,160,166,150,122,144,205,122,165,194,126,155]
8
9 [152,160,203,151,212,151,163,212,149,165,187,192,173,168,213,235,151,208,144,211,165,170,190,235,152,208,165,154,231,166,152,146]
10
11 [148,150,222,205,171,205,162,172]
12 [159,167,158,205,224,145,227,217,160,141,137,203,217,224,226,199,239,162,217,218,128,164,188,194,216,184,184,154,212,199,203,167]
13 [182,201,211,225,194,167,154,157]
14 [133,151,158,166,151,158,150,155]
15 [123,132,119,123,132,119]
16 [173,171,188,241,103,147,229,204,167,118,163,229,194,86,137,181,213,212,156,168]
17 [142,170,211,196,117,237,175,215,121,193,167,162,137,169,208,181,165,195,149,210,177,172,150,224,173,228,197,158,115,206,163,182]
18
19 [160,175,184,142,159,183,126,143,194,129,125,190,134,135,139,165,136,156,183,143,134,151,159,174,207,113,120,156,185,126,122,104]
20

21 [182,185,154,240,181,177,172,228,155,152,174,178,122,214,209,240,123,149,173,170,174,205,186,172,179,184,146,170,154,167,195,200]
22
23
24
25


